1.0
1.0
1.0
0.999945
1.0
0.999845
0.9999300000000001
1.0
0.9998199999999999
0.99991
0.99976
0.999145
0.9988199999999999
0.998515
0.99701
0.99738
0.99512
0.9957
0.9937650000000001
0.99018
0.988105
0.9881449999999999
0.9845999999999999
0.9814449999999999
0.9780699999999999
0.97417
0.9716549999999999
0.9625699999999999
0.962145
0.9541499999999999
0.946525
0.93799
0.93663
0.91028
0.9105550000000001
0.89904
0.90166
0.871395
0.8629049999999999
0.840635
0.816115
0.820875
0.77027
0.753195
0.6985750000000001
0.690845
0.68403
0.650635
0.49862
0.561665
0.51368
0.5126649999999999
0.49543
0.44084500000000004
0.456745
0.38475
0.41145499999999996
0.41245000000000004
0.38855
0.38088
0.36773500000000003
