1.0
0.9999853125
1.0
1.0
1.0
1.0
0.999943125
0.9998637499999999
0.9997834375
0.9996690625
0.9993365625
0.9994200000000001
0.9991609375
0.9987540625000001
0.9977078125000001
0.9968831250000001
0.9959846875
0.994401875
0.9932690625
0.9915112500000001
0.9892971875000001
0.9870615625
0.9837778125
0.9832521875
0.9780718750000001
0.9740725000000001
0.9690671875000001
0.964170625
0.9568881250000001
0.9496509375000001
0.9439334375
0.9324071875
0.9166725
0.90924125
0.89840125
0.88074875
0.85884875
0.8429300000000001
0.8216031250000001
0.7594012500000001
0.7296925000000001
0.5247987500000001
0.6053015625
0.580540625
0.35970968750000004
0.44854593750000005
0.3002878125
0.2326215625
0.23870750000000002
0.21536906249999999
0.2289259375
0.18308312499999999
0.1699796875
0.18073343749999998
0.15660374999999999
0.14294125
0.14476124999999998
0.1197575
0.1318021875
0.11054
0.1065340625
