1.0
1.0
1.0
1.0
1.0
1.0
1.0
0.9998199999999999
0.99968
0.9993
0.9998199999999999
0.99928
0.99836
0.99832
0.99776
0.99726
0.9958400000000001
0.9949199999999999
0.9961400000000001
0.9917
0.9924000000000001
0.9873399999999999
0.98902
0.9849000000000001
0.97852
0.9771
0.9766400000000001
0.9678599999999999
0.9675199999999999
0.95678
0.95738
0.94552
0.94196
0.941
0.923
0.91982
0.9046799999999999
0.90366
0.88512
0.8870200000000001
0.8364000000000001
0.8751599999999999
0.8601800000000001
0.84534
0.80792
0.8114000000000001
0.78814
0.7621
0.75286
0.74024
0.7195199999999999
0.68172
0.671
0.67734
0.6619400000000001
0.61922
0.63448
0.6193200000000001
0.6255
0.5274000000000001
0.5809200000000001
